P0: 7.215377000000e+02 0.000000000000e+00 6.095593000000e+02 0.000000000000e+00 0.000000000000e+00 7.215377000000e+02 1.728540000000e+02 0.000000000000e+00 0.000000000000e+00 0.000000000000e+00 1.000000000000e+00 0.000000000000e+00  
P1: 7.215377000000e+02 0.000000000000e+00 6.095593000000e+02 -3.875744000000e+02 0.000000000000e+00 7.215377000000e+02 1.728540000000e+02 0.000000000000e+00 0.000000000000e+00 0.000000000000e+00 1.000000000000e+00 0.000000000000e+00  
P2: 537.0237639534591 0 640 0 0 537.0237639534591 360 0 0 0 1 0 
P3: 537.0237639534591 0 640 0 0 537.0237639534591 360 0 0 0 1 0 
R_rect: 1 0 0 0 1 0 0 0 1 
Tr_velo_cam: 0 -1 0 0 -1 0 0 0 0 0 -1 17.5 
